1>>
Exist Objects: 86 112 123 145 455 458 461 494 671 805 912 1138 1209 1235 1262 1294 1363 1436 1488 1765 1844 1948 1951 1981 1984 2004 2007 2058 2108 2145 2202 2221 2281 2289 2492 2496 2591 2621 2642 2778 2798 2983 2983 3006 3011 3026 3046 3099 3214 3331 3348 3416 3713 3727 3789 3825 3885 3892 4007 4176 4304 4321 4333 4349 4555 4579 4963 5066 5171 5267 5281 5287 5336 5370 5443 5530 5571 5636 5766 5809 6105 6129 6233 6237 6282 6329 6538 6540 6620 6739 6775 6910 6990 7005 7083 7150 7195 7405 7516 7626 
the number of exist objects: 100
Select Objects: 3 5 13 108 109 123 131 132 213 217 218 244 250 268 269 275 386 391 413 463 464 475 477 484 486 492 497 499 501 503 507 509 511 513 529 531 553 555 558 562 576 578 581 613 617 621 622 633 635 637 658 659 724 926 934 938 949 988 1002 1006 1014 1016 1018 1039 1041 1043 1045 1053 1071 1134 1136 1276 1341 1353 1357 1373 1377 1379 1383 1396 1399 1400 1414 1418 1427 1433 1446 1454 1468 1470 1485 1486 1487 1524 1529 1556 1561 1565 1604 1606 1616 1623 1624 1626 1636 1640 1658 1676 1681 1682 1691 1692 1693 1694 1754 1760 1761 1762 1837 1842 1848 1852 1855 1859 2061 2198 2201 2212 2242 2243 2342 2344 2345 2354 2355 2361 2367 2370 2422 2428 2437 2450 2459 2467 2534 2610 2616 2619 2622 2626 2630 2634 2641 2644 2646 2652 2660 2677 2740 2759 2761 2771 2803 2806 2818 2820 2833 2834 2835 2858 2884 2951 2971 2972 2986 3004 3058 3186 3224 3225 3226 3505 3532 3533 3534 3629 3634 3779 3781 3783 3785 3786 3801 3806 3818 3837 3840 3943 3964 3965 4054 4063 4149 4163 4257 4311 4337 4443 4600 4735 4739 4744 4809 5008 5010 5023 5024 5025 5026 5027 5029 5059 5063 5064 5065 5066 5074 5075 5103 5108 5110 5122 5332 5351 5357 5465 5475 5527 5551 5557 5560 5562 5575 5795 5953 5962 5963 5966 5968 6007 6142 6147 6150 6195 6199 6257 6260 6275 6439 6861 6862 6867 6982 7035 7036 7039 7040 7051 7140 7451 7452 7770 
the number of select objects: 272
Select Atts: 1 2 3 4 5 6 
The number of match objects: 2
result 1: 0.02
result 2: 0.007352941176470588
--------------------------
2>>
Exist Objects: 86 112 123 145 455 458 461 494 671 805 912 1138 1209 1235 1262 1294 1363 1436 1488 1765 1844 1948 1951 1981 1984 2004 2007 2058 2108 2145 2202 2221 2281 2289 2492 2496 2591 2621 2642 2778 2798 2983 2983 3006 3011 3026 3046 3099 3214 3331 3348 3416 3713 3727 3789 3825 3885 3892 4007 4176 4304 4321 4333 4349 4555 4579 4963 5066 5171 5267 5281 5287 5336 5370 5443 5530 5571 5636 5766 5809 6105 6129 6233 6237 6282 6329 6538 6540 6620 6739 6775 6910 6990 7005 7083 7150 7195 7405 7516 7626 
the number of exist objects: 100
Select Objects: 3 5 13 109 123 213 217 218 250 391 413 486 503 509 511 513 529 555 558 576 578 581 613 617 633 635 637 934 938 988 1002 1014 1016 1134 1136 1341 1353 1357 1373 1379 1383 1396 1400 1427 1433 1446 1468 1470 1485 1524 1529 1556 1561 1565 1623 1640 1676 1681 1691 1692 1760 1761 1762 1842 1848 1855 2201 2212 2355 2361 2367 2422 2428 2437 2459 2467 2534 2619 2622 2626 2634 2641 2644 2646 2660 2677 2761 2806 2818 2820 2884 2951 2986 3058 3534 3781 3783 3785 3786 3801 3806 3818 3840 3964 3965 4054 4149 4163 4337 4735 4739 4744 4809 5063 5065 5066 5074 5103 5110 5122 5527 5557 5560 5575 5795 5953 5962 5963 5966 5968 6147 6150 6195 6199 6260 6275 6439 6861 6867 7039 7040 7051 7140 
the number of select objects: 143
Select Atts: 1 2 3 4 5 
The number of match objects: 2
result 1: 0.02
result 2: 0.013986013986013986
--------------------------
3>>
Exist Objects: 86 112 123 145 455 458 461 494 671 805 912 1138 1209 1235 1262 1294 1363 1436 1488 1765 1844 1948 1951 1981 1984 2004 2007 2058 2108 2145 2202 2221 2281 2289 2492 2496 2591 2621 2642 2778 2798 2983 2983 3006 3011 3026 3046 3099 3214 3331 3348 3416 3713 3727 3789 3825 3885 3892 4007 4176 4304 4321 4333 4349 4555 4579 4963 5066 5171 5267 5281 5287 5336 5370 5443 5530 5571 5636 5766 5809 6105 6129 6233 6237 6282 6329 6538 6540 6620 6739 6775 6910 6990 7005 7083 7150 7195 7405 7516 7626 
the number of exist objects: 100
Select Objects: 3 5 13 108 109 123 131 132 213 217 218 244 250 268 269 275 386 391 413 463 464 475 477 484 486 492 497 499 501 503 507 509 511 513 529 531 553 555 558 562 576 578 581 613 617 621 622 633 635 637 658 659 724 926 934 938 988 1002 1014 1016 1039 1053 1134 1136 1276 1341 1353 1357 1373 1377 1379 1383 1396 1399 1400 1414 1418 1427 1433 1446 1454 1468 1470 1485 1486 1487 1524 1529 1556 1561 1565 1604 1606 1616 1623 1624 1626 1636 1640 1658 1691 1692 1693 1694 1754 1760 1761 1762 1837 1848 1855 1859 2198 2201 2242 2243 2342 2344 2345 2354 2355 2367 2370 2422 2428 2437 2450 2459 2467 2534 2616 2619 2622 2626 2630 2634 2641 2644 2660 2759 2761 2806 2818 2820 2833 2834 2835 2858 2884 2951 2971 2972 2986 3004 3058 3186 3224 3225 3226 3505 3532 3533 3534 3629 3634 3779 3781 3783 3785 3786 3801 3806 3818 3837 3943 3964 3965 4054 4063 4149 4163 4257 4311 4337 4443 4600 4735 4739 4744 4809 5008 5010 5023 5024 5025 5026 5027 5029 5059 5063 5064 5065 5066 5074 5075 5103 5108 5110 5122 5332 5465 5527 5551 5557 5560 5562 5575 5795 5953 5962 5963 5966 5968 6007 6142 6147 6150 6195 6199 6257 6260 6275 6439 6861 6862 6867 6982 7035 7039 7040 7051 7140 7451 7452 7770 
the number of select objects: 245
Select Atts: 1 2 3 4 6 
The number of match objects: 2
result 1: 0.02
result 2: 0.00816326530612245
--------------------------
4>>
Exist Objects: 86 112 123 145 455 458 461 494 671 805 912 1138 1209 1235 1262 1294 1363 1436 1488 1765 1844 1948 1951 1981 1984 2004 2007 2058 2108 2145 2202 2221 2281 2289 2492 2496 2591 2621 2642 2778 2798 2983 2983 3006 3011 3026 3046 3099 3214 3331 3348 3416 3713 3727 3789 3825 3885 3892 4007 4176 4304 4321 4333 4349 4555 4579 4963 5066 5171 5267 5281 5287 5336 5370 5443 5530 5571 5636 5766 5809 6105 6129 6233 6237 6282 6329 6538 6540 6620 6739 6775 6910 6990 7005 7083 7150 7195 7405 7516 7626 
the number of exist objects: 100
Select Objects: 3 5 13 123 213 217 218 250 391 413 486 503 509 511 513 529 555 558 576 578 581 613 617 633 635 637 934 938 988 1002 1014 1016 1134 1136 1341 1353 1357 1373 1379 1383 1396 1400 1427 1433 1446 1468 1470 1485 1524 1529 1556 1561 1565 1623 1640 1691 1692 1760 1761 1762 1848 1855 2201 2355 2367 2422 2428 2437 2459 2467 2534 2619 2622 2626 2634 2641 2644 2660 2761 2806 2818 2820 2884 2951 2986 3058 3534 3781 3783 3785 3786 3801 3806 3964 3965 4054 4149 4163 4337 4735 4739 4744 4809 5063 5065 5066 5074 5103 5110 5122 5527 5557 5560 5575 5795 5953 5962 5963 5966 5968 6147 6150 6195 6199 6260 6275 6439 6861 6867 7040 7051 7140 
the number of select objects: 132
Select Atts: 1 2 3 4 
The number of match objects: 2
result 1: 0.02
result 2: 0.015151515151515152
--------------------------
5>>
Exist Objects: 86 112 123 145 455 458 461 494 671 805 912 1138 1209 1235 1262 1294 1363 1436 1488 1765 1844 1948 1951 1981 1984 2004 2007 2058 2108 2145 2202 2221 2281 2289 2492 2496 2591 2621 2642 2778 2798 2983 2983 3006 3011 3026 3046 3099 3214 3331 3348 3416 3713 3727 3789 3825 3885 3892 4007 4176 4304 4321 4333 4349 4555 4579 4963 5066 5171 5267 5281 5287 5336 5370 5443 5530 5571 5636 5766 5809 6105 6129 6233 6237 6282 6329 6538 6540 6620 6739 6775 6910 6990 7005 7083 7150 7195 7405 7516 7626 
the number of exist objects: 100
Select Objects: 3 5 108 109 123 131 132 213 217 218 250 268 269 386 391 413 463 464 475 477 484 492 497 499 501 503 507 529 531 555 558 562 613 617 621 622 658 659 724 926 934 938 949 988 1002 1006 1014 1016 1018 1041 1043 1045 1134 1136 1276 1341 1353 1357 1373 1377 1379 1383 1396 1399 1414 1418 1427 1433 1446 1468 1470 1486 1524 1529 1604 1616 1623 1624 1626 1636 1640 1754 1760 1761 1762 1837 1852 1859 2061 2201 2342 2344 2345 2354 2361 2428 2437 2459 2610 2616 2619 2622 2626 2630 2634 2646 2652 2660 2677 2740 2759 2771 2803 2806 2818 2820 2833 2834 2835 2858 2951 2971 2972 2986 3004 3224 3225 3226 3505 3532 3533 3534 3629 3634 3779 3781 3783 3785 3786 3801 3806 3818 3837 3964 3965 4054 4063 4149 4257 4311 4443 4735 4739 4744 5008 5010 5023 5024 5025 5026 5027 5029 5059 5063 5064 5065 5066 5074 5075 5122 5332 5351 5465 5475 5551 5557 5560 5562 5962 5963 5966 5968 6007 6142 6147 6150 6195 6199 6275 6982 7035 7036 7039 7040 7140 7451 7770 
the number of select objects: 197
Select Atts: 1 2 3 5 6 
The number of match objects: 2
result 1: 0.02
result 2: 0.01015228426395939
--------------------------
6>>
Exist Objects: 86 112 123 145 455 458 461 494 671 805 912 1138 1209 1235 1262 1294 1363 1436 1488 1765 1844 1948 1951 1981 1984 2004 2007 2058 2108 2145 2202 2221 2281 2289 2492 2496 2591 2621 2642 2778 2798 2983 2983 3006 3011 3026 3046 3099 3214 3331 3348 3416 3713 3727 3789 3825 3885 3892 4007 4176 4304 4321 4333 4349 4555 4579 4963 5066 5171 5267 5281 5287 5336 5370 5443 5530 5571 5636 5766 5809 6105 6129 6233 6237 6282 6329 6538 6540 6620 6739 6775 6910 6990 7005 7083 7150 7195 7405 7516 7626 
the number of exist objects: 100
Select Objects: 413 988 1341 3534 3964 3965 
the number of select objects: 6
Select Atts: 1 2 3 5 
The number of match objects: 0
result 1: 0.0
result 2: 0.0
--------------------------
7>>
Exist Objects: 86 112 123 145 455 458 461 494 671 805 912 1138 1209 1235 1262 1294 1363 1436 1488 1765 1844 1948 1951 1981 1984 2004 2007 2058 2108 2145 2202 2221 2281 2289 2492 2496 2591 2621 2642 2778 2798 2983 2983 3006 3011 3026 3046 3099 3214 3331 3348 3416 3713 3727 3789 3825 3885 3892 4007 4176 4304 4321 4333 4349 4555 4579 4963 5066 5171 5267 5281 5287 5336 5370 5443 5530 5571 5636 5766 5809 6105 6129 6233 6237 6282 6329 6538 6540 6620 6739 6775 6910 6990 7005 7083 7150 7195 7405 7516 7626 
the number of exist objects: 100
Select Objects: 3 123 131 132 217 218 268 391 413 463 475 477 484 497 499 531 658 659 724 926 934 938 988 1002 1014 1016 1134 1276 1341 1353 1357 1373 1377 1379 1383 1396 1399 1414 1418 1427 1433 1446 1468 1470 1529 1624 1640 1837 1859 2201 2342 2354 2616 2619 2660 2759 2806 2818 2833 2835 2971 2972 2986 3004 3505 3532 3533 3534 3629 3634 3785 3801 3806 3818 3837 3964 3965 4054 4149 4257 4311 4443 4739 5008 5010 5023 5024 5025 5026 5027 5029 5059 5063 5064 5065 5066 5075 5122 5332 5465 5557 5560 5562 5963 5966 5968 6007 6150 6195 6982 7039 7140 7451 7770 
the number of select objects: 114
Select Atts: 1 2 3 6 
The number of match objects: 2
result 1: 0.02
result 2: 0.017543859649122806
--------------------------
8>>
Exist Objects: 86 112 123 145 455 458 461 494 671 805 912 1138 1209 1235 1262 1294 1363 1436 1488 1765 1844 1948 1951 1981 1984 2004 2007 2058 2108 2145 2202 2221 2281 2289 2492 2496 2591 2621 2642 2778 2798 2983 2983 3006 3011 3026 3046 3099 3214 3331 3348 3416 3713 3727 3789 3825 3885 3892 4007 4176 4304 4321 4333 4349 4555 4579 4963 5066 5171 5267 5281 5287 5336 5370 5443 5530 5571 5636 5766 5809 6105 6129 6233 6237 6282 6329 6538 6540 6620 6739 6775 6910 6990 7005 7083 7150 7195 7405 7516 7626 
the number of exist objects: 100
Select Objects: 413 988 1341 3534 3964 3965 
the number of select objects: 6
Select Atts: 1 2 3 
The number of match objects: 0
result 1: 0.0
result 2: 0.0
--------------------------
9>>
Exist Objects: 86 112 123 145 455 458 461 494 671 805 912 1138 1209 1235 1262 1294 1363 1436 1488 1765 1844 1948 1951 1981 1984 2004 2007 2058 2108 2145 2202 2221 2281 2289 2492 2496 2591 2621 2642 2778 2798 2983 2983 3006 3011 3026 3046 3099 3214 3331 3348 3416 3713 3727 3789 3825 3885 3892 4007 4176 4304 4321 4333 4349 4555 4579 4963 5066 5171 5267 5281 5287 5336 5370 5443 5530 5571 5636 5766 5809 6105 6129 6233 6237 6282 6329 6538 6540 6620 6739 6775 6910 6990 7005 7083 7150 7195 7405 7516 7626 
the number of exist objects: 100
Select Objects: 3 5 108 109 123 131 132 217 218 244 250 268 269 413 475 484 486 492 497 501 503 507 509 511 513 529 531 553 555 558 562 576 581 622 724 934 938 949 987 988 1002 1006 1014 1016 1018 1041 1136 1341 1353 1357 1373 1379 1383 1396 1399 1400 1418 1427 1454 1468 1470 1487 1529 1556 1561 1565 1681 1682 1691 1692 1693 1694 1754 1760 1761 1837 1842 1848 1852 1855 2342 2344 2345 2354 2361 2367 2370 2422 2428 2459 2467 2610 2616 2619 2622 2626 2630 2634 2644 2646 2652 2660 2677 2740 2803 2806 2818 2820 2834 2884 2951 2986 3004 3058 3186 3224 3225 3226 3505 3533 3534 3779 3781 3783 3785 3786 3801 3837 3840 3943 3964 3965 4149 4163 4311 4443 4600 4739 4744 4809 5008 5010 5023 5025 5027 5059 5063 5065 5066 5074 5075 5108 5110 5122 5351 5357 5465 5475 5551 5557 5560 5562 5575 5953 5962 5963 5966 5968 6007 6147 6150 6195 6260 6275 6439 6867 6982 7035 7036 7039 7040 7051 7140 7451 7452 
the number of select objects: 185
Select Atts: 1 2 4 5 6 
The number of match objects: 2
result 1: 0.02
result 2: 0.010810810810810811
--------------------------
10>>
Exist Objects: 86 112 123 145 455 458 461 494 671 805 912 1138 1209 1235 1262 1294 1363 1436 1488 1765 1844 1948 1951 1981 1984 2004 2007 2058 2108 2145 2202 2221 2281 2289 2492 2496 2591 2621 2642 2778 2798 2983 2983 3006 3011 3026 3046 3099 3214 3331 3348 3416 3713 3727 3789 3825 3885 3892 4007 4176 4304 4321 4333 4349 4555 4579 4963 5066 5171 5267 5281 5287 5336 5370 5443 5530 5571 5636 5766 5809 6105 6129 6233 6237 6282 6329 6538 6540 6620 6739 6775 6910 6990 7005 7083 7150 7195 7405 7516 7626 
the number of exist objects: 100
Select Objects: 3 5 123 250 413 486 503 509 511 513 529 555 558 576 581 934 938 987 988 1002 1014 1016 1136 1341 1353 1357 1373 1383 1396 1400 1427 1470 1556 1561 1565 1681 1691 1692 1760 1761 1848 2361 2367 2422 2428 2459 2467 2619 2622 2626 2634 2644 2646 2660 2677 2806 2818 2820 2884 2951 2986 3058 3534 3783 3785 3786 3840 3964 3965 4149 4163 4739 4809 5063 5065 5066 5074 5110 5122 5557 5560 5575 5953 5962 5963 6150 6260 6275 6439 6867 7039 7040 7051 7140 
the number of select objects: 94
Select Atts: 1 2 4 5 
The number of match objects: 2
result 1: 0.02
result 2: 0.02127659574468085
--------------------------
11>>
Exist Objects: 86 112 123 145 455 458 461 494 671 805 912 1138 1209 1235 1262 1294 1363 1436 1488 1765 1844 1948 1951 1981 1984 2004 2007 2058 2108 2145 2202 2221 2281 2289 2492 2496 2591 2621 2642 2778 2798 2983 2983 3006 3011 3026 3046 3099 3214 3331 3348 3416 3713 3727 3789 3825 3885 3892 4007 4176 4304 4321 4333 4349 4555 4579 4963 5066 5171 5267 5281 5287 5336 5370 5443 5530 5571 5636 5766 5809 6105 6129 6233 6237 6282 6329 6538 6540 6620 6739 6775 6910 6990 7005 7083 7150 7195 7405 7516 7626 
the number of exist objects: 100
Select Objects: 3 5 108 109 123 131 132 217 218 244 250 268 269 413 475 484 486 492 497 501 503 507 509 511 513 529 531 553 555 558 562 576 581 622 724 934 938 987 988 1002 1014 1016 1136 1341 1353 1357 1373 1379 1383 1396 1399 1400 1418 1427 1454 1468 1470 1487 1529 1556 1561 1565 1692 1694 1754 1760 1761 1837 1855 2342 2344 2345 2354 2367 2370 2422 2428 2459 2467 2616 2619 2622 2626 2630 2634 2644 2660 2806 2818 2820 2884 2951 2986 3004 3058 3186 3224 3225 3226 3505 3533 3534 3779 3781 3783 3785 3786 3801 3837 3943 3964 3965 4149 4163 4311 4443 4600 4739 4744 4809 5008 5010 5023 5025 5027 5059 5063 5065 5066 5074 5075 5108 5110 5122 5465 5551 5557 5560 5562 5575 5953 5962 5963 5966 5968 6007 6147 6260 6275 6439 6867 6982 7035 7039 7040 7051 7140 7451 7452 
the number of select objects: 159
Select Atts: 1 2 4 6 
The number of match objects: 2
result 1: 0.02
result 2: 0.012578616352201259
--------------------------
12>>
Exist Objects: 86 112 123 145 455 458 461 494 671 805 912 1138 1209 1235 1262 1294 1363 1436 1488 1765 1844 1948 1951 1981 1984 2004 2007 2058 2108 2145 2202 2221 2281 2289 2492 2496 2591 2621 2642 2778 2798 2983 2983 3006 3011 3026 3046 3099 3214 3331 3348 3416 3713 3727 3789 3825 3885 3892 4007 4176 4304 4321 4333 4349 4555 4579 4963 5066 5171 5267 5281 5287 5336 5370 5443 5530 5571 5636 5766 5809 6105 6129 6233 6237 6282 6329 6538 6540 6620 6739 6775 6910 6990 7005 7083 7150 7195 7405 7516 7626 
the number of exist objects: 100
Select Objects: 3 123 250 413 486 509 511 513 529 555 558 576 581 934 938 987 988 1002 1014 1016 1136 1341 1353 1357 1373 1383 1396 1400 1427 1470 1556 1561 1565 1692 1760 1761 2367 2422 2428 2459 2467 2619 2622 2626 2634 2644 2660 2806 2818 2820 2884 2951 2986 3058 3534 3783 3785 3786 3964 3965 4149 4163 4739 4809 5063 5065 5066 5074 5110 5122 5557 5560 5575 5953 5962 5963 6260 6275 6439 6867 7040 7051 7140 
the number of select objects: 83
Select Atts: 1 2 4 
The number of match objects: 2
result 1: 0.02
result 2: 0.024096385542168676
--------------------------
13>>
Exist Objects: 86 112 123 145 455 458 461 494 671 805 912 1138 1209 1235 1262 1294 1363 1436 1488 1765 1844 1948 1951 1981 1984 2004 2007 2058 2108 2145 2202 2221 2281 2289 2492 2496 2591 2621 2642 2778 2798 2983 2983 3006 3011 3026 3046 3099 3214 3331 3348 3416 3713 3727 3789 3825 3885 3892 4007 4176 4304 4321 4333 4349 4555 4579 4963 5066 5171 5267 5281 5287 5336 5370 5443 5530 5571 5636 5766 5809 6105 6129 6233 6237 6282 6329 6538 6540 6620 6739 6775 6910 6990 7005 7083 7150 7195 7405 7516 7626 
the number of exist objects: 100
Select Objects: 3 108 109 123 131 132 217 218 250 268 269 413 475 484 492 497 507 529 531 555 558 562 622 724 934 938 949 987 988 1002 1006 1014 1016 1018 1041 1341 1353 1357 1373 1379 1383 1396 1399 1418 1427 1468 1470 1529 1754 1760 1761 1837 1852 2342 2344 2345 2354 2361 2428 2459 2610 2616 2619 2622 2626 2630 2634 2646 2660 2677 2740 2803 2806 2818 2820 2834 2951 2986 3004 3224 3225 3226 3505 3533 3534 3781 3783 3785 3801 3837 3964 3965 4149 4311 4443 4739 5008 5010 5023 5025 5027 5059 5063 5065 5066 5074 5075 5122 5351 5465 5475 5551 5557 5560 5562 5962 5963 5966 5968 6007 6147 6150 6195 6275 6982 7035 7036 7039 7040 7140 7451 
the number of select objects: 131
Select Atts: 1 2 5 6 
The number of match objects: 2
result 1: 0.02
result 2: 0.015267175572519083
--------------------------
14>>
Exist Objects: 86 112 123 145 455 458 461 494 671 805 912 1138 1209 1235 1262 1294 1363 1436 1488 1765 1844 1948 1951 1981 1984 2004 2007 2058 2108 2145 2202 2221 2281 2289 2492 2496 2591 2621 2642 2778 2798 2983 2983 3006 3011 3026 3046 3099 3214 3331 3348 3416 3713 3727 3789 3825 3885 3892 4007 4176 4304 4321 4333 4349 4555 4579 4963 5066 5171 5267 5281 5287 5336 5370 5443 5530 5571 5636 5766 5809 6105 6129 6233 6237 6282 6329 6538 6540 6620 6739 6775 6910 6990 7005 7083 7150 7195 7405 7516 7626 
the number of exist objects: 100
Select Objects: 413 987 988 1341 3534 3964 3965 
the number of select objects: 7
Select Atts: 1 2 5 
The number of match objects: 0
result 1: 0.0
result 2: 0.0
--------------------------
15>>
Exist Objects: 86 112 123 145 455 458 461 494 671 805 912 1138 1209 1235 1262 1294 1363 1436 1488 1765 1844 1948 1951 1981 1984 2004 2007 2058 2108 2145 2202 2221 2281 2289 2492 2496 2591 2621 2642 2778 2798 2983 2983 3006 3011 3026 3046 3099 3214 3331 3348 3416 3713 3727 3789 3825 3885 3892 4007 4176 4304 4321 4333 4349 4555 4579 4963 5066 5171 5267 5281 5287 5336 5370 5443 5530 5571 5636 5766 5809 6105 6129 6233 6237 6282 6329 6538 6540 6620 6739 6775 6910 6990 7005 7083 7150 7195 7405 7516 7626 
the number of exist objects: 100
Select Objects: 3 131 217 268 413 475 484 497 531 724 987 988 1002 1014 1016 1341 1353 1357 1373 1379 1383 1396 1399 1418 1427 1470 1529 1837 2342 2354 2616 2619 2660 2806 2818 3004 3505 3533 3534 3785 3837 3964 3965 4149 4311 4443 4739 5008 5010 5023 5025 5027 5059 5063 5065 5066 5075 5122 5465 5557 5562 5963 5966 5968 6007 6982 7451 
the number of select objects: 67
Select Atts: 1 2 6 
The number of match objects: 1
result 1: 0.01
result 2: 0.014925373134328358
--------------------------
16>>
Exist Objects: 86 112 123 145 455 458 461 494 671 805 912 1138 1209 1235 1262 1294 1363 1436 1488 1765 1844 1948 1951 1981 1984 2004 2007 2058 2108 2145 2202 2221 2281 2289 2492 2496 2591 2621 2642 2778 2798 2983 2983 3006 3011 3026 3046 3099 3214 3331 3348 3416 3713 3727 3789 3825 3885 3892 4007 4176 4304 4321 4333 4349 4555 4579 4963 5066 5171 5267 5281 5287 5336 5370 5443 5530 5571 5636 5766 5809 6105 6129 6233 6237 6282 6329 6538 6540 6620 6739 6775 6910 6990 7005 7083 7150 7195 7405 7516 7626 
the number of exist objects: 100
Select Objects: 413 987 988 1341 3534 3964 3965 
the number of select objects: 7
Select Atts: 1 2 
The number of match objects: 0
result 1: 0.0
result 2: 0.0
--------------------------
17>>
Exist Objects: 86 112 123 145 455 458 461 494 671 805 912 1138 1209 1235 1262 1294 1363 1436 1488 1765 1844 1948 1951 1981 1984 2004 2007 2058 2108 2145 2202 2221 2281 2289 2492 2496 2591 2621 2642 2778 2798 2983 2983 3006 3011 3026 3046 3099 3214 3331 3348 3416 3713 3727 3789 3825 3885 3892 4007 4176 4304 4321 4333 4349 4555 4579 4963 5066 5171 5267 5281 5287 5336 5370 5443 5530 5571 5636 5766 5809 6105 6129 6233 6237 6282 6329 6538 6540 6620 6739 6775 6910 6990 7005 7083 7150 7195 7405 7516 7626 
the number of exist objects: 100
Select Objects: 1002 1006 1018 1041 1043 1353 1373 1454 1487 1524 1626 1762 2198 2610 2646 2677 2806 2818 2820 3964 3965 5008 5010 5962 5963 5966 6195 7451 
the number of select objects: 28
Select Atts: 1 3 4 5 6 
The number of match objects: 0
result 1: 0.0
result 2: 0.0
--------------------------
18>>
Exist Objects: 86 112 123 145 455 458 461 494 671 805 912 1138 1209 1235 1262 1294 1363 1436 1488 1765 1844 1948 1951 1981 1984 2004 2007 2058 2108 2145 2202 2221 2281 2289 2492 2496 2591 2621 2642 2778 2798 2983 2983 3006 3011 3026 3046 3099 3214 3331 3348 3416 3713 3727 3789 3825 3885 3892 4007 4176 4304 4321 4333 4349 4555 4579 4963 5066 5171 5267 5281 5287 5336 5370 5443 5530 5571 5636 5766 5809 6105 6129 6233 6237 6282 6329 6538 6540 6620 6739 6775 6910 6990 7005 7083 7150 7195 7405 7516 7626 
the number of exist objects: 100
Select Objects: 1002 1353 1373 1762 2806 2818 2820 3964 3965 5962 5963 5966 6195 
the number of select objects: 13
Select Atts: 1 3 4 5 
The number of match objects: 0
result 1: 0.0
result 2: 0.0
--------------------------
19>>
Exist Objects: 86 112 123 145 455 458 461 494 671 805 912 1138 1209 1235 1262 1294 1363 1436 1488 1765 1844 1948 1951 1981 1984 2004 2007 2058 2108 2145 2202 2221 2281 2289 2492 2496 2591 2621 2642 2778 2798 2983 2983 3006 3011 3026 3046 3099 3214 3331 3348 3416 3713 3727 3789 3825 3885 3892 4007 4176 4304 4321 4333 4349 4555 4579 4963 5066 5171 5267 5281 5287 5336 5370 5443 5530 5571 5636 5766 5809 6105 6129 6233 6237 6282 6329 6538 6540 6620 6739 6775 6910 6990 7005 7083 7150 7195 7405 7516 7626 
the number of exist objects: 100
Select Objects: 1002 1353 1373 1454 1487 1524 1762 2198 2806 2818 2820 3964 3965 5008 5010 5962 5963 5966 6195 7451 
the number of select objects: 20
Select Atts: 1 3 4 6 
The number of match objects: 0
result 1: 0.0
result 2: 0.0
--------------------------
20>>
Exist Objects: 86 112 123 145 455 458 461 494 671 805 912 1138 1209 1235 1262 1294 1363 1436 1488 1765 1844 1948 1951 1981 1984 2004 2007 2058 2108 2145 2202 2221 2281 2289 2492 2496 2591 2621 2642 2778 2798 2983 2983 3006 3011 3026 3046 3099 3214 3331 3348 3416 3713 3727 3789 3825 3885 3892 4007 4176 4304 4321 4333 4349 4555 4579 4963 5066 5171 5267 5281 5287 5336 5370 5443 5530 5571 5636 5766 5809 6105 6129 6233 6237 6282 6329 6538 6540 6620 6739 6775 6910 6990 7005 7083 7150 7195 7405 7516 7626 
the number of exist objects: 100
Select Objects: 1002 1353 1373 1762 2806 2818 2820 3964 3965 5962 5963 5966 6195 
the number of select objects: 13
Select Atts: 1 3 4 
The number of match objects: 0
result 1: 0.0
result 2: 0.0
--------------------------
21>>
Exist Objects: 86 112 123 145 455 458 461 494 671 805 912 1138 1209 1235 1262 1294 1363 1436 1488 1765 1844 1948 1951 1981 1984 2004 2007 2058 2108 2145 2202 2221 2281 2289 2492 2496 2591 2621 2642 2778 2798 2983 2983 3006 3011 3026 3046 3099 3214 3331 3348 3416 3713 3727 3789 3825 3885 3892 4007 4176 4304 4321 4333 4349 4555 4579 4963 5066 5171 5267 5281 5287 5336 5370 5443 5530 5571 5636 5766 5809 6105 6129 6233 6237 6282 6329 6538 6540 6620 6739 6775 6910 6990 7005 7083 7150 7195 7405 7516 7626 
the number of exist objects: 100
Select Objects: 1002 1006 1018 1041 1043 1353 1373 1626 1762 2610 2646 2806 2818 2820 3964 3965 5008 5010 5962 5963 5966 6195 7451 
the number of select objects: 23
Select Atts: 1 3 5 6 
The number of match objects: 0
result 1: 0.0
result 2: 0.0
--------------------------
22>>
Exist Objects: 86 112 123 145 455 458 461 494 671 805 912 1138 1209 1235 1262 1294 1363 1436 1488 1765 1844 1948 1951 1981 1984 2004 2007 2058 2108 2145 2202 2221 2281 2289 2492 2496 2591 2621 2642 2778 2798 2983 2983 3006 3011 3026 3046 3099 3214 3331 3348 3416 3713 3727 3789 3825 3885 3892 4007 4176 4304 4321 4333 4349 4555 4579 4963 5066 5171 5267 5281 5287 5336 5370 5443 5530 5571 5636 5766 5809 6105 6129 6233 6237 6282 6329 6538 6540 6620 6739 6775 6910 6990 7005 7083 7150 7195 7405 7516 7626 
the number of exist objects: 100
Select Objects: 3964 3965 
the number of select objects: 2
Select Atts: 1 3 5 
The number of match objects: 0
result 1: 0.0
result 2: 0.0
--------------------------
23>>
Exist Objects: 86 112 123 145 455 458 461 494 671 805 912 1138 1209 1235 1262 1294 1363 1436 1488 1765 1844 1948 1951 1981 1984 2004 2007 2058 2108 2145 2202 2221 2281 2289 2492 2496 2591 2621 2642 2778 2798 2983 2983 3006 3011 3026 3046 3099 3214 3331 3348 3416 3713 3727 3789 3825 3885 3892 4007 4176 4304 4321 4333 4349 4555 4579 4963 5066 5171 5267 5281 5287 5336 5370 5443 5530 5571 5636 5766 5809 6105 6129 6233 6237 6282 6329 6538 6540 6620 6739 6775 6910 6990 7005 7083 7150 7195 7405 7516 7626 
the number of exist objects: 100
Select Objects: 1002 1353 1373 2806 3964 3965 5008 5010 5966 6195 7451 
the number of select objects: 11
Select Atts: 1 3 6 
The number of match objects: 0
result 1: 0.0
result 2: 0.0
--------------------------
24>>
Exist Objects: 86 112 123 145 455 458 461 494 671 805 912 1138 1209 1235 1262 1294 1363 1436 1488 1765 1844 1948 1951 1981 1984 2004 2007 2058 2108 2145 2202 2221 2281 2289 2492 2496 2591 2621 2642 2778 2798 2983 2983 3006 3011 3026 3046 3099 3214 3331 3348 3416 3713 3727 3789 3825 3885 3892 4007 4176 4304 4321 4333 4349 4555 4579 4963 5066 5171 5267 5281 5287 5336 5370 5443 5530 5571 5636 5766 5809 6105 6129 6233 6237 6282 6329 6538 6540 6620 6739 6775 6910 6990 7005 7083 7150 7195 7405 7516 7626 
the number of exist objects: 100
Select Objects: 3964 3965 
the number of select objects: 2
Select Atts: 1 3 
The number of match objects: 0
result 1: 0.0
result 2: 0.0
--------------------------
25>>
Exist Objects: 86 112 123 145 455 458 461 494 671 805 912 1138 1209 1235 1262 1294 1363 1436 1488 1765 1844 1948 1951 1981 1984 2004 2007 2058 2108 2145 2202 2221 2281 2289 2492 2496 2591 2621 2642 2778 2798 2983 2983 3006 3011 3026 3046 3099 3214 3331 3348 3416 3713 3727 3789 3825 3885 3892 4007 4176 4304 4321 4333 4349 4555 4579 4963 5066 5171 5267 5281 5287 5336 5370 5443 5530 5571 5636 5766 5809 6105 6129 6233 6237 6282 6329 6538 6540 6620 6739 6775 6910 6990 7005 7083 7150 7195 7405 7516 7626 
the number of exist objects: 100
Select Objects: 1002 1006 1353 1373 1454 2610 2806 2818 2820 3964 3965 5008 5020 5962 6195 7451 
the number of select objects: 16
Select Atts: 1 4 5 6 
The number of match objects: 0
result 1: 0.0
result 2: 0.0
--------------------------
26>>
Exist Objects: 86 112 123 145 455 458 461 494 671 805 912 1138 1209 1235 1262 1294 1363 1436 1488 1765 1844 1948 1951 1981 1984 2004 2007 2058 2108 2145 2202 2221 2281 2289 2492 2496 2591 2621 2642 2778 2798 2983 2983 3006 3011 3026 3046 3099 3214 3331 3348 3416 3713 3727 3789 3825 3885 3892 4007 4176 4304 4321 4333 4349 4555 4579 4963 5066 5171 5267 5281 5287 5336 5370 5443 5530 5571 5636 5766 5809 6105 6129 6233 6237 6282 6329 6538 6540 6620 6739 6775 6910 6990 7005 7083 7150 7195 7405 7516 7626 
the number of exist objects: 100
Select Objects: 1002 1353 1373 2806 2818 2820 3964 3965 5962 
the number of select objects: 9
Select Atts: 1 4 5 
The number of match objects: 0
result 1: 0.0
result 2: 0.0
--------------------------
27>>
Exist Objects: 86 112 123 145 455 458 461 494 671 805 912 1138 1209 1235 1262 1294 1363 1436 1488 1765 1844 1948 1951 1981 1984 2004 2007 2058 2108 2145 2202 2221 2281 2289 2492 2496 2591 2621 2642 2778 2798 2983 2983 3006 3011 3026 3046 3099 3214 3331 3348 3416 3713 3727 3789 3825 3885 3892 4007 4176 4304 4321 4333 4349 4555 4579 4963 5066 5171 5267 5281 5287 5336 5370 5443 5530 5571 5636 5766 5809 6105 6129 6233 6237 6282 6329 6538 6540 6620 6739 6775 6910 6990 7005 7083 7150 7195 7405 7516 7626 
the number of exist objects: 100
Select Objects: 1002 1353 1373 1454 2806 2818 2820 3964 3965 5008 5020 5962 7451 
the number of select objects: 13
Select Atts: 1 4 6 
The number of match objects: 0
result 1: 0.0
result 2: 0.0
--------------------------
28>>
Exist Objects: 86 112 123 145 455 458 461 494 671 805 912 1138 1209 1235 1262 1294 1363 1436 1488 1765 1844 1948 1951 1981 1984 2004 2007 2058 2108 2145 2202 2221 2281 2289 2492 2496 2591 2621 2642 2778 2798 2983 2983 3006 3011 3026 3046 3099 3214 3331 3348 3416 3713 3727 3789 3825 3885 3892 4007 4176 4304 4321 4333 4349 4555 4579 4963 5066 5171 5267 5281 5287 5336 5370 5443 5530 5571 5636 5766 5809 6105 6129 6233 6237 6282 6329 6538 6540 6620 6739 6775 6910 6990 7005 7083 7150 7195 7405 7516 7626 
the number of exist objects: 100
Select Objects: 1002 1353 1373 2806 2818 2820 3964 3965 5962 
the number of select objects: 9
Select Atts: 1 4 
The number of match objects: 0
result 1: 0.0
result 2: 0.0
--------------------------
29>>
Exist Objects: 86 112 123 145 455 458 461 494 671 805 912 1138 1209 1235 1262 1294 1363 1436 1488 1765 1844 1948 1951 1981 1984 2004 2007 2058 2108 2145 2202 2221 2281 2289 2492 2496 2591 2621 2642 2778 2798 2983 2983 3006 3011 3026 3046 3099 3214 3331 3348 3416 3713 3727 3789 3825 3885 3892 4007 4176 4304 4321 4333 4349 4555 4579 4963 5066 5171 5267 5281 5287 5336 5370 5443 5530 5571 5636 5766 5809 6105 6129 6233 6237 6282 6329 6538 6540 6620 6739 6775 6910 6990 7005 7083 7150 7195 7405 7516 7626 
the number of exist objects: 100
Select Objects: 1002 1006 1353 1373 2610 2806 2818 2820 3964 3965 5008 5020 5962 6195 7451 
the number of select objects: 15
Select Atts: 1 5 6 
The number of match objects: 0
result 1: 0.0
result 2: 0.0
--------------------------
30>>
Exist Objects: 86 112 123 145 455 458 461 494 671 805 912 1138 1209 1235 1262 1294 1363 1436 1488 1765 1844 1948 1951 1981 1984 2004 2007 2058 2108 2145 2202 2221 2281 2289 2492 2496 2591 2621 2642 2778 2798 2983 2983 3006 3011 3026 3046 3099 3214 3331 3348 3416 3713 3727 3789 3825 3885 3892 4007 4176 4304 4321 4333 4349 4555 4579 4963 5066 5171 5267 5281 5287 5336 5370 5443 5530 5571 5636 5766 5809 6105 6129 6233 6237 6282 6329 6538 6540 6620 6739 6775 6910 6990 7005 7083 7150 7195 7405 7516 7626 
the number of exist objects: 100
Select Objects: 3964 3965 
the number of select objects: 2
Select Atts: 1 5 
The number of match objects: 0
result 1: 0.0
result 2: 0.0
--------------------------
31>>
Exist Objects: 86 112 123 145 455 458 461 494 671 805 912 1138 1209 1235 1262 1294 1363 1436 1488 1765 1844 1948 1951 1981 1984 2004 2007 2058 2108 2145 2202 2221 2281 2289 2492 2496 2591 2621 2642 2778 2798 2983 2983 3006 3011 3026 3046 3099 3214 3331 3348 3416 3713 3727 3789 3825 3885 3892 4007 4176 4304 4321 4333 4349 4555 4579 4963 5066 5171 5267 5281 5287 5336 5370 5443 5530 5571 5636 5766 5809 6105 6129 6233 6237 6282 6329 6538 6540 6620 6739 6775 6910 6990 7005 7083 7150 7195 7405 7516 7626 
the number of exist objects: 100
Select Objects: 1002 1353 5008 5020 7451 
the number of select objects: 5
Select Atts: 1 6 
The number of match objects: 0
result 1: 0.0
result 2: 0.0
--------------------------
32>>
Exist Objects: 86 112 123 145 455 458 461 494 671 805 912 1138 1209 1235 1262 1294 1363 1436 1488 1765 1844 1948 1951 1981 1984 2004 2007 2058 2108 2145 2202 2221 2281 2289 2492 2496 2591 2621 2642 2778 2798 2983 2983 3006 3011 3026 3046 3099 3214 3331 3348 3416 3713 3727 3789 3825 3885 3892 4007 4176 4304 4321 4333 4349 4555 4579 4963 5066 5171 5267 5281 5287 5336 5370 5443 5530 5571 5636 5766 5809 6105 6129 6233 6237 6282 6329 6538 6540 6620 6739 6775 6910 6990 7005 7083 7150 7195 7405 7516 7626 
the number of exist objects: 100
Select Objects: 3964 3965 5008 5010 5020 5022 7428 7431 7432 7433 7434 
the number of select objects: 11
Select Atts: 1 
The number of match objects: 0
result 1: 0.0
result 2: 0.0
--------------------------
33>>
Exist Objects: 86 112 123 145 455 458 461 494 671 805 912 1138 1209 1235 1262 1294 1363 1436 1488 1765 1844 1948 1951 1981 1984 2004 2007 2058 2108 2145 2202 2221 2281 2289 2492 2496 2591 2621 2642 2778 2798 2983 2983 3006 3011 3026 3046 3099 3214 3331 3348 3416 3713 3727 3789 3825 3885 3892 4007 4176 4304 4321 4333 4349 4555 4579 4963 5066 5171 5267 5281 5287 5336 5370 5443 5530 5571 5636 5766 5809 6105 6129 6233 6237 6282 6329 6538 6540 6620 6739 6775 6910 6990 7005 7083 7150 7195 7405 7516 7626 
the number of exist objects: 100
Select Objects: 109 111 113 218 250 253 256 268 269 388 391 413 492 499 622 659 934 935 936 937 938 959 960 961 962 963 988 1002 1006 1007 1018 1020 1026 1028 1033 1043 1045 1341 1373 1375 1377 1399 1433 1454 1470 1487 1522 1623 1626 1633 1636 1640 1852 1853 1854 1903 1904 1905 1906 2198 2201 2202 2344 2345 2346 2347 2370 2371 2610 2646 2648 2677 2679 2681 2683 2685 2806 2816 2820 2822 2834 2951 2952 2971 2972 3534 3629 3638 3647 3781 3783 3785 3806 3818 3837 3963 3964 3965 4063 4064 4065 5010 5027 5029 5059 5065 5074 5080 5465 5963 5964 5965 5966 5967 5968 5969 5979 5980 5981 5982 6007 6008 6195 6197 6275 6276 6277 7040 7042 7068 7070 7451 
the number of select objects: 132
Select Atts: 2 3 4 5 6 
The number of match objects: 1
result 1: 0.01
result 2: 0.007575757575757576
--------------------------
34>>
Exist Objects: 86 112 123 145 455 458 461 494 671 805 912 1138 1209 1235 1262 1294 1363 1436 1488 1765 1844 1948 1951 1981 1984 2004 2007 2058 2108 2145 2202 2221 2281 2289 2492 2496 2591 2621 2642 2778 2798 2983 2983 3006 3011 3026 3046 3099 3214 3331 3348 3416 3713 3727 3789 3825 3885 3892 4007 4176 4304 4321 4333 4349 4555 4579 4963 5066 5171 5267 5281 5287 5336 5370 5443 5530 5571 5636 5766 5809 6105 6129 6233 6237 6282 6329 6538 6540 6620 6739 6775 6910 6990 7005 7083 7150 7195 7405 7516 7626 
the number of exist objects: 100
Select Objects: 988 1341 3534 
the number of select objects: 3
Select Atts: 2 3 4 5 
The number of match objects: 0
result 1: 0.0
result 2: 0.0
--------------------------
35>>
Exist Objects: 86 112 123 145 455 458 461 494 671 805 912 1138 1209 1235 1262 1294 1363 1436 1488 1765 1844 1948 1951 1981 1984 2004 2007 2058 2108 2145 2202 2221 2281 2289 2492 2496 2591 2621 2642 2778 2798 2983 2983 3006 3011 3026 3046 3099 3214 3331 3348 3416 3713 3727 3789 3825 3885 3892 4007 4176 4304 4321 4333 4349 4555 4579 4963 5066 5171 5267 5281 5287 5336 5370 5443 5530 5571 5636 5766 5809 6105 6129 6233 6237 6282 6329 6538 6540 6620 6739 6775 6910 6990 7005 7083 7150 7195 7405 7516 7626 
the number of exist objects: 100
Select Objects: 109 111 113 218 250 253 256 269 388 391 413 492 499 622 659 934 935 936 937 938 959 960 961 962 963 988 1002 1007 1341 1373 1375 1377 1399 1433 1454 1470 1487 1522 1623 1636 1640 2198 2201 2202 2344 2345 2346 2347 2370 2371 2806 2816 2820 2822 2834 2951 2952 2971 2972 3534 3629 3638 3647 3781 3783 3785 3806 3818 3837 3963 3964 3965 4063 4064 4065 5010 5027 5029 5059 5065 5074 5080 5465 5963 5964 5965 5966 5967 5968 5969 5979 5980 5981 5982 6007 6008 6195 6197 6275 6276 6277 7040 7042 7068 7070 7451 
the number of select objects: 106
Select Atts: 2 3 4 6 
The number of match objects: 1
result 1: 0.01
result 2: 0.009433962264150943
--------------------------
36>>
Exist Objects: 86 112 123 145 455 458 461 494 671 805 912 1138 1209 1235 1262 1294 1363 1436 1488 1765 1844 1948 1951 1981 1984 2004 2007 2058 2108 2145 2202 2221 2281 2289 2492 2496 2591 2621 2642 2778 2798 2983 2983 3006 3011 3026 3046 3099 3214 3331 3348 3416 3713 3727 3789 3825 3885 3892 4007 4176 4304 4321 4333 4349 4555 4579 4963 5066 5171 5267 5281 5287 5336 5370 5443 5530 5571 5636 5766 5809 6105 6129 6233 6237 6282 6329 6538 6540 6620 6739 6775 6910 6990 7005 7083 7150 7195 7405 7516 7626 
the number of exist objects: 100
Select Objects: 988 1341 3534 
the number of select objects: 3
Select Atts: 2 3 4 
The number of match objects: 0
result 1: 0.0
result 2: 0.0
--------------------------
37>>
Exist Objects: 86 112 123 145 455 458 461 494 671 805 912 1138 1209 1235 1262 1294 1363 1436 1488 1765 1844 1948 1951 1981 1984 2004 2007 2058 2108 2145 2202 2221 2281 2289 2492 2496 2591 2621 2642 2778 2798 2983 2983 3006 3011 3026 3046 3099 3214 3331 3348 3416 3713 3727 3789 3825 3885 3892 4007 4176 4304 4321 4333 4349 4555 4579 4963 5066 5171 5267 5281 5287 5336 5370 5443 5530 5571 5636 5766 5809 6105 6129 6233 6237 6282 6329 6538 6540 6620 6739 6775 6910 6990 7005 7083 7150 7195 7405 7516 7626 
the number of exist objects: 100
Select Objects: 109 111 113 218 250 253 256 268 269 388 391 413 492 499 659 934 935 936 937 938 959 960 961 962 963 988 1006 1018 1020 1026 1028 1033 1043 1045 1341 1373 1375 1377 1399 1433 1470 1626 1633 1636 1640 1852 1853 1854 1903 1904 1905 1906 2344 2346 2610 2612 2646 2648 2677 2679 2681 2683 2685 2806 2834 2951 2952 2971 2972 3534 3629 3638 3647 3781 3783 3785 3806 3818 3837 3963 3964 3965 4063 4064 4065 5010 5027 5029 5059 5065 5074 5080 5465 5963 5964 5965 5966 5967 5968 5969 5979 5980 5981 5982 6007 6008 6195 6197 6275 6276 6277 7040 7042 7068 7070 7451 
the number of select objects: 116
Select Atts: 2 3 5 6 
The number of match objects: 0
result 1: 0.0
result 2: 0.0
--------------------------
38>>
Exist Objects: 86 112 123 145 455 458 461 494 671 805 912 1138 1209 1235 1262 1294 1363 1436 1488 1765 1844 1948 1951 1981 1984 2004 2007 2058 2108 2145 2202 2221 2281 2289 2492 2496 2591 2621 2642 2778 2798 2983 2983 3006 3011 3026 3046 3099 3214 3331 3348 3416 3713 3727 3789 3825 3885 3892 4007 4176 4304 4321 4333 4349 4555 4579 4963 5066 5171 5267 5281 5287 5336 5370 5443 5530 5571 5636 5766 5809 6105 6129 6233 6237 6282 6329 6538 6540 6620 6739 6775 6910 6990 7005 7083 7150 7195 7405 7516 7626 
the number of exist objects: 100
Select Objects: 988 1341 3534 
the number of select objects: 3
Select Atts: 2 3 5 
The number of match objects: 0
result 1: 0.0
result 2: 0.0
--------------------------
39>>
Exist Objects: 86 112 123 145 455 458 461 494 671 805 912 1138 1209 1235 1262 1294 1363 1436 1488 1765 1844 1948 1951 1981 1984 2004 2007 2058 2108 2145 2202 2221 2281 2289 2492 2496 2591 2621 2642 2778 2798 2983 2983 3006 3011 3026 3046 3099 3214 3331 3348 3416 3713 3727 3789 3825 3885 3892 4007 4176 4304 4321 4333 4349 4555 4579 4963 5066 5171 5267 5281 5287 5336 5370 5443 5530 5571 5636 5766 5809 6105 6129 6233 6237 6282 6329 6538 6540 6620 6739 6775 6910 6990 7005 7083 7150 7195 7405 7516 7626 
the number of exist objects: 100
Select Objects: 218 391 413 484 492 938 963 988 1341 1470 1640 2833 2834 2972 3534 3629 3638 3647 3785 3806 3818 3837 3963 3964 3965 5027 5059 5465 6007 6008 7451 
the number of select objects: 31
Select Atts: 2 3 6 
The number of match objects: 0
result 1: 0.0
result 2: 0.0
--------------------------
40>>
Exist Objects: 86 112 123 145 455 458 461 494 671 805 912 1138 1209 1235 1262 1294 1363 1436 1488 1765 1844 1948 1951 1981 1984 2004 2007 2058 2108 2145 2202 2221 2281 2289 2492 2496 2591 2621 2642 2778 2798 2983 2983 3006 3011 3026 3046 3099 3214 3331 3348 3416 3713 3727 3789 3825 3885 3892 4007 4176 4304 4321 4333 4349 4555 4579 4963 5066 5171 5267 5281 5287 5336 5370 5443 5530 5571 5636 5766 5809 6105 6129 6233 6237 6282 6329 6538 6540 6620 6739 6775 6910 6990 7005 7083 7150 7195 7405 7516 7626 
the number of exist objects: 100
Select Objects: 988 1341 3534 
the number of select objects: 3
Select Atts: 2 3 
The number of match objects: 0
result 1: 0.0
result 2: 0.0
--------------------------
41>>
Exist Objects: 86 112 123 145 455 458 461 494 671 805 912 1138 1209 1235 1262 1294 1363 1436 1488 1765 1844 1948 1951 1981 1984 2004 2007 2058 2108 2145 2202 2221 2281 2289 2492 2496 2591 2621 2642 2778 2798 2983 2983 3006 3011 3026 3046 3099 3214 3331 3348 3416 3713 3727 3789 3825 3885 3892 4007 4176 4304 4321 4333 4349 4555 4579 4963 5066 5171 5267 5281 5287 5336 5370 5443 5530 5571 5636 5766 5809 6105 6129 6233 6237 6282 6329 6538 6540 6620 6739 6775 6910 6990 7005 7083 7150 7195 7405 7516 7626 
the number of exist objects: 100
Select Objects: 109 111 113 218 250 253 256 269 388 413 492 497 499 622 934 935 936 937 938 959 960 961 962 963 1002 1006 1007 1018 1020 1026 1028 1033 1341 1399 1454 1470 1487 1522 1852 1853 1854 1903 1904 1905 1906 1979 1980 1981 1982 2345 2347 2370 2371 2610 2646 2648 2677 2679 2681 2683 2685 2816 2820 2822 2834 2951 2952 3534 3781 3783 3785 3837 3963 3964 3965 5027 5059 5074 5080 5085 5465 5963 5964 5965 5966 5967 5968 5969 5979 5980 5981 5982 6195 6197 6275 6276 6277 7040 7042 7068 7070 7451 
the number of select objects: 102
Select Atts: 2 4 5 6 
The number of match objects: 1
result 1: 0.01
result 2: 0.00980392156862745
--------------------------
42>>
Exist Objects: 86 112 123 145 455 458 461 494 671 805 912 1138 1209 1235 1262 1294 1363 1436 1488 1765 1844 1948 1951 1981 1984 2004 2007 2058 2108 2145 2202 2221 2281 2289 2492 2496 2591 2621 2642 2778 2798 2983 2983 3006 3011 3026 3046 3099 3214 3331 3348 3416 3713 3727 3789 3825 3885 3892 4007 4176 4304 4321 4333 4349 4555 4579 4963 5066 5171 5267 5281 5287 5336 5370 5443 5530 5571 5636 5766 5809 6105 6129 6233 6237 6282 6329 6538 6540 6620 6739 6775 6910 6990 7005 7083 7150 7195 7405 7516 7626 
the number of exist objects: 100
Select Objects: 1341 3534 
the number of select objects: 2
Select Atts: 2 4 5 
The number of match objects: 0
result 1: 0.0
result 2: 0.0
--------------------------
43>>
Exist Objects: 86 112 123 145 455 458 461 494 671 805 912 1138 1209 1235 1262 1294 1363 1436 1488 1765 1844 1948 1951 1981 1984 2004 2007 2058 2108 2145 2202 2221 2281 2289 2492 2496 2591 2621 2642 2778 2798 2983 2983 3006 3011 3026 3046 3099 3214 3331 3348 3416 3713 3727 3789 3825 3885 3892 4007 4176 4304 4321 4333 4349 4555 4579 4963 5066 5171 5267 5281 5287 5336 5370 5443 5530 5571 5636 5766 5809 6105 6129 6233 6237 6282 6329 6538 6540 6620 6739 6775 6910 6990 7005 7083 7150 7195 7405 7516 7626 
the number of exist objects: 100
Select Objects: 109 111 113 218 250 253 256 269 388 413 492 496 497 499 622 934 935 936 937 938 959 960 961 962 963 1002 1007 1341 1399 1454 1470 1487 1522 2345 2347 2370 2371 2816 2820 2822 2951 2952 3534 3781 3783 3785 3837 3963 3964 3965 5027 5059 5074 5080 5085 5465 5963 5964 5965 5966 5967 5968 5969 5979 5980 5981 5982 6275 6276 6277 7040 7042 7068 7070 7451 
the number of select objects: 75
Select Atts: 2 4 6 
The number of match objects: 0
result 1: 0.0
result 2: 0.0
--------------------------
44>>
Exist Objects: 86 112 123 145 455 458 461 494 671 805 912 1138 1209 1235 1262 1294 1363 1436 1488 1765 1844 1948 1951 1981 1984 2004 2007 2058 2108 2145 2202 2221 2281 2289 2492 2496 2591 2621 2642 2778 2798 2983 2983 3006 3011 3026 3046 3099 3214 3331 3348 3416 3713 3727 3789 3825 3885 3892 4007 4176 4304 4321 4333 4349 4555 4579 4963 5066 5171 5267 5281 5287 5336 5370 5443 5530 5571 5636 5766 5809 6105 6129 6233 6237 6282 6329 6538 6540 6620 6739 6775 6910 6990 7005 7083 7150 7195 7405 7516 7626 
the number of exist objects: 100
Select Objects: 1341 3534 
the number of select objects: 2
Select Atts: 2 4 
The number of match objects: 0
result 1: 0.0
result 2: 0.0
--------------------------
45>>
Exist Objects: 86 112 123 145 455 458 461 494 671 805 912 1138 1209 1235 1262 1294 1363 1436 1488 1765 1844 1948 1951 1981 1984 2004 2007 2058 2108 2145 2202 2221 2281 2289 2492 2496 2591 2621 2642 2778 2798 2983 2983 3006 3011 3026 3046 3099 3214 3331 3348 3416 3713 3727 3789 3825 3885 3892 4007 4176 4304 4321 4333 4349 4555 4579 4963 5066 5171 5267 5281 5287 5336 5370 5443 5530 5571 5636 5766 5809 6105 6129 6233 6237 6282 6329 6538 6540 6620 6739 6775 6910 6990 7005 7083 7150 7195 7405 7516 7626 
the number of exist objects: 100
Select Objects: 109 111 113 218 250 253 256 269 388 413 492 497 499 622 659 934 935 936 937 938 959 960 961 962 963 1006 1018 1020 1026 1028 1033 1341 1399 1470 1852 1853 1854 1903 1904 1905 1906 1979 1980 1981 1982 2007 2008 2009 2610 2612 2614 2646 2648 2650 2677 2679 2681 2683 2685 2687 2713 2715 2717 2719 2721 2834 2951 2952 3534 3783 3785 3837 3963 3964 3965 5027 5059 5074 5080 5085 5465 5963 5964 5965 5966 5967 5968 5969 5979 5980 5981 5982 6195 6197 6275 6276 6277 6447 6448 6449 6450 6451 6512 6513 6514 6515 6576 6577 6578 6579 7040 7042 7068 7070 7451 
the number of select objects: 115
Select Atts: 2 5 6 
The number of match objects: 2
result 1: 0.02
result 2: 0.017391304347826087
--------------------------
46>>
Exist Objects: 86 112 123 145 455 458 461 494 671 805 912 1138 1209 1235 1262 1294 1363 1436 1488 1765 1844 1948 1951 1981 1984 2004 2007 2058 2108 2145 2202 2221 2281 2289 2492 2496 2591 2621 2642 2778 2798 2983 2983 3006 3011 3026 3046 3099 3214 3331 3348 3416 3713 3727 3789 3825 3885 3892 4007 4176 4304 4321 4333 4349 4555 4579 4963 5066 5171 5267 5281 5287 5336 5370 5443 5530 5571 5636 5766 5809 6105 6129 6233 6237 6282 6329 6538 6540 6620 6739 6775 6910 6990 7005 7083 7150 7195 7405 7516 7626 
the number of exist objects: 100
Select Objects: 1341 3534 
the number of select objects: 2
Select Atts: 2 5 
The number of match objects: 0
result 1: 0.0
result 2: 0.0
--------------------------
47>>
Exist Objects: 86 112 123 145 455 458 461 494 671 805 912 1138 1209 1235 1262 1294 1363 1436 1488 1765 1844 1948 1951 1981 1984 2004 2007 2058 2108 2145 2202 2221 2281 2289 2492 2496 2591 2621 2642 2778 2798 2983 2983 3006 3011 3026 3046 3099 3214 3331 3348 3416 3713 3727 3789 3825 3885 3892 4007 4176 4304 4321 4333 4349 4555 4579 4963 5066 5171 5267 5281 5287 5336 5370 5443 5530 5571 5636 5766 5809 6105 6129 6233 6237 6282 6329 6538 6540 6620 6739 6775 6910 6990 7005 7083 7150 7195 7405 7516 7626 
the number of exist objects: 100
Select Objects: 413 433 484 485 488 489 492 493 496 1470 3534 3785 3792 3837 3838 3839 5027 5059 5465 5466 5489 5490 7451 
the number of select objects: 23
Select Atts: 2 6 
The number of match objects: 0
result 1: 0.0
result 2: 0.0
--------------------------
48>>
Exist Objects: 86 112 123 145 455 458 461 494 671 805 912 1138 1209 1235 1262 1294 1363 1436 1488 1765 1844 1948 1951 1981 1984 2004 2007 2058 2108 2145 2202 2221 2281 2289 2492 2496 2591 2621 2642 2778 2798 2983 2983 3006 3011 3026 3046 3099 3214 3331 3348 3416 3713 3727 3789 3825 3885 3892 4007 4176 4304 4321 4333 4349 4555 4579 4963 5066 5171 5267 5281 5287 5336 5370 5443 5530 5571 5636 5766 5809 6105 6129 6233 6237 6282 6329 6538 6540 6620 6739 6775 6910 6990 7005 7083 7150 7195 7405 7516 7626 
the number of exist objects: 100
Select Objects: 3534 
the number of select objects: 1
Select Atts: 2 
The number of match objects: 0
result 1: 0.0
result 2: 0.0
--------------------------
49>>
Exist Objects: 86 112 123 145 455 458 461 494 671 805 912 1138 1209 1235 1262 1294 1363 1436 1488 1765 1844 1948 1951 1981 1984 2004 2007 2058 2108 2145 2202 2221 2281 2289 2492 2496 2591 2621 2642 2778 2798 2983 2983 3006 3011 3026 3046 3099 3214 3331 3348 3416 3713 3727 3789 3825 3885 3892 4007 4176 4304 4321 4333 4349 4555 4579 4963 5066 5171 5267 5281 5287 5336 5370 5443 5530 5571 5636 5766 5809 6105 6129 6233 6237 6282 6329 6538 6540 6620 6739 6775 6910 6990 7005 7083 7150 7195 7405 7516 7626 
the number of exist objects: 100
Select Objects: 1002 1006 1007 1018 1020 1026 1028 1033 1043 1454 1487 1522 1626 1633 2198 2610 2646 2648 2677 2679 2681 2683 2685 2816 2820 2822 6195 6197 7451 
the number of select objects: 29
Select Atts: 3 4 5 6 
The number of match objects: 0
result 1: 0.0
result 2: 0.0
--------------------------
50>>
Exist Objects: 86 112 123 145 455 458 461 494 671 805 912 1138 1209 1235 1262 1294 1363 1436 1488 1765 1844 1948 1951 1981 1984 2004 2007 2058 2108 2145 2202 2221 2281 2289 2492 2496 2591 2621 2642 2778 2798 2983 2983 3006 3011 3026 3046 3099 3214 3331 3348 3416 3713 3727 3789 3825 3885 3892 4007 4176 4304 4321 4333 4349 4555 4579 4963 5066 5171 5267 5281 5287 5336 5370 5443 5530 5571 5636 5766 5809 6105 6129 6233 6237 6282 6329 6538 6540 6620 6739 6775 6910 6990 7005 7083 7150 7195 7405 7516 7626 
the number of exist objects: 100
Select Objects: 398 934 935 936 937 938 959 960 961 962 963 988 1524 1525 1526 1692 1694 1696 1698 1700 1702 1704 1706 1708 1710 1725 1727 1729 1731 1733 1735 1737 1739 1741 1743 1762 1763 1764 1765 1784 1785 1786 1787 2198 2203 3751 3752 3753 3754 3755 3756 3757 3758 3759 3760 3761 3762 3763 3764 3765 3766 3767 3768 3769 3770 3771 3772 3773 3774 3775 3776 3777 3778 
the number of select objects: 73
Select Atts: 3 4 5 
The number of match objects: 1
result 1: 0.01
result 2: 0.0136986301369863
--------------------------
51>>
Exist Objects: 86 112 123 145 455 458 461 494 671 805 912 1138 1209 1235 1262 1294 1363 1436 1488 1765 1844 1948 1951 1981 1984 2004 2007 2058 2108 2145 2202 2221 2281 2289 2492 2496 2591 2621 2642 2778 2798 2983 2983 3006 3011 3026 3046 3099 3214 3331 3348 3416 3713 3727 3789 3825 3885 3892 4007 4176 4304 4321 4333 4349 4555 4579 4963 5066 5171 5267 5281 5287 5336 5370 5443 5530 5571 5636 5766 5809 6105 6129 6233 6237 6282 6329 6538 6540 6620 6739 6775 6910 6990 7005 7083 7150 7195 7405 7516 7626 
the number of exist objects: 100
Select Objects: 1002 1007 1454 1487 1522 2198 2816 2820 2822 6195 6197 7451 
the number of select objects: 12
Select Atts: 3 4 6 
The number of match objects: 0
result 1: 0.0
result 2: 0.0
--------------------------
52>>
Exist Objects: 86 112 123 145 455 458 461 494 671 805 912 1138 1209 1235 1262 1294 1363 1436 1488 1765 1844 1948 1951 1981 1984 2004 2007 2058 2108 2145 2202 2221 2281 2289 2492 2496 2591 2621 2642 2778 2798 2983 2983 3006 3011 3026 3046 3099 3214 3331 3348 3416 3713 3727 3789 3825 3885 3892 4007 4176 4304 4321 4333 4349 4555 4579 4963 5066 5171 5267 5281 5287 5336 5370 5443 5530 5571 5636 5766 5809 6105 6129 6233 6237 6282 6329 6538 6540 6620 6739 6775 6910 6990 7005 7083 7150 7195 7405 7516 7626 
the number of exist objects: 100
Select Objects: 398 934 935 936 937 938 959 960 961 962 963 988 1524 1525 1526 1692 1694 1696 1698 1700 1702 1704 1706 1708 1710 1725 1727 1729 1731 1733 1735 1737 1739 1741 1743 1762 1763 1764 1765 1784 1785 1786 1787 2198 2203 3751 3752 3753 3754 3755 3756 3757 3758 3759 3760 3761 3762 3763 3764 3765 3766 3767 3768 3769 3770 3771 3772 3773 3774 3775 3776 3777 3778 
the number of select objects: 73
Select Atts: 3 4 
The number of match objects: 1
result 1: 0.01
result 2: 0.0136986301369863
--------------------------
53>>
Exist Objects: 86 112 123 145 455 458 461 494 671 805 912 1138 1209 1235 1262 1294 1363 1436 1488 1765 1844 1948 1951 1981 1984 2004 2007 2058 2108 2145 2202 2221 2281 2289 2492 2496 2591 2621 2642 2778 2798 2983 2983 3006 3011 3026 3046 3099 3214 3331 3348 3416 3713 3727 3789 3825 3885 3892 4007 4176 4304 4321 4333 4349 4555 4579 4963 5066 5171 5267 5281 5287 5336 5370 5443 5530 5571 5636 5766 5809 6105 6129 6233 6237 6282 6329 6538 6540 6620 6739 6775 6910 6990 7005 7083 7150 7195 7405 7516 7626 
the number of exist objects: 100
Select Objects: 1006 1018 1020 1026 1028 1033 1041 1043 1626 1633 2610 2612 2677 2679 2681 6195 6197 7451 
the number of select objects: 18
Select Atts: 3 5 6 
The number of match objects: 0
result 1: 0.0
result 2: 0.0
--------------------------
54>>
Exist Objects: 86 112 123 145 455 458 461 494 671 805 912 1138 1209 1235 1262 1294 1363 1436 1488 1765 1844 1948 1951 1981 1984 2004 2007 2058 2108 2145 2202 2221 2281 2289 2492 2496 2591 2621 2642 2778 2798 2983 2983 3006 3011 3026 3046 3099 3214 3331 3348 3416 3713 3727 3789 3825 3885 3892 4007 4176 4304 4321 4333 4349 4555 4579 4963 5066 5171 5267 5281 5287 5336 5370 5443 5530 5571 5636 5766 5809 6105 6129 6233 6237 6282 6329 6538 6540 6620 6739 6775 6910 6990 7005 7083 7150 7195 7405 7516 7626 
the number of exist objects: 100
Select Objects: 398 934 935 936 937 938 959 960 961 962 963 988 1524 1525 1526 1626 1633 1634 1635 1676 1677 1678 1679 1680 1681 1682 1683 1684 1685 1686 1687 1688 1689 1690 1691 1692 1693 1694 1695 1696 1697 1698 1699 1700 1701 1702 1703 1704 1705 1706 1707 1708 1709 1710 1711 1712 1713 1714 1715 1716 1717 1718 1719 1720 1721 1722 1723 1724 1725 1726 1727 1728 1729 1730 1731 1732 1733 1734 1735 1736 1737 1738 1739 1740 1741 1742 1743 1762 1763 1764 1765 1784 1785 1786 1787 2198 2203 2771 2773 3751 3752 3753 3754 3755 3756 3757 3758 3759 3760 3761 3762 3763 3764 3765 3766 3767 3768 3769 3770 3771 3772 3773 3774 3775 3776 3777 3778 3896 3963 3964 3965 
the number of select objects: 131
Select Atts: 3 5 
The number of match objects: 1
result 1: 0.01
result 2: 0.007633587786259542
--------------------------
55>>
Exist Objects: 86 112 123 145 455 458 461 494 671 805 912 1138 1209 1235 1262 1294 1363 1436 1488 1765 1844 1948 1951 1981 1984 2004 2007 2058 2108 2145 2202 2221 2281 2289 2492 2496 2591 2621 2642 2778 2798 2983 2983 3006 3011 3026 3046 3099 3214 3331 3348 3416 3713 3727 3789 3825 3885 3892 4007 4176 4304 4321 4333 4349 4555 4579 4963 5066 5171 5267 5281 5287 5336 5370 5443 5530 5571 5636 5766 5809 6105 6129 6233 6237 6282 6329 6538 6540 6620 6739 6775 6910 6990 7005 7083 7150 7195 7405 7516 7626 
the number of exist objects: 100
Select Objects: 7451 
the number of select objects: 1
Select Atts: 3 6 
The number of match objects: 0
result 1: 0.0
result 2: 0.0
--------------------------
56>>
Exist Objects: 86 112 123 145 455 458 461 494 671 805 912 1138 1209 1235 1262 1294 1363 1436 1488 1765 1844 1948 1951 1981 1984 2004 2007 2058 2108 2145 2202 2221 2281 2289 2492 2496 2591 2621 2642 2778 2798 2983 2983 3006 3011 3026 3046 3099 3214 3331 3348 3416 3713 3727 3789 3825 3885 3892 4007 4176 4304 4321 4333 4349 4555 4579 4963 5066 5171 5267 5281 5287 5336 5370 5443 5530 5571 5636 5766 5809 6105 6129 6233 6237 6282 6329 6538 6540 6620 6739 6775 6910 6990 7005 7083 7150 7195 7405 7516 7626 
the number of exist objects: 100
Select Objects: 275 278 281 300 301 302 303 304 305 346 349 352 391 398 934 935 936 937 938 959 960 961 962 963 988 1276 1277 1278 1281 1282 1283 1327 1328 1329 1330 1331 1332 1333 1334 1335 1336 1337 1524 1525 1526 1602 1603 1604 1605 1606 1607 1608 1609 1610 1611 1612 1613 1614 1615 1616 1617 1618 1619 1620 1621 1622 1623 1624 1625 1626 1630 1631 1632 1633 1634 1635 1636 1640 1641 1648 1649 1650 1651 1652 1653 1654 1655 1656 1657 1658 1659 1660 1661 1662 1663 1664 1665 1666 1667 1668 1669 1670 1671 1672 1673 1674 1675 1676 1677 1678 1679 1680 1681 1682 1683 1684 1685 1686 1687 1688 1689 1690 1691 1692 1693 1694 1695 1696 1697 1698 1699 1700 1701 1702 1703 1704 1705 1706 1707 1708 1709 1710 1711 1712 1713 1714 1715 1716 1717 1718 1719 1720 1721 1722 1723 1724 1725 1726 1727 1728 1729 1730 1731 1732 1733 1734 1735 1736 1737 1738 1739 1740 1741 1742 1743 1762 1763 1764 1765 1784 1785 1786 1787 1855 1857 1859 1861 1907 1909 1911 1913 1915 1917 1983 1985 1987 2010 2012 2014 2016 2198 2199 2200 2201 2202 2203 2204 2205 2206 2207 2208 2209 2210 2211 2212 2213 2214 2215 2216 2217 2218 2219 2220 2221 2222 2223 2224 2225 2226 2227 2228 2229 2230 2231 2232 2233 2234 2235 2236 2237 2238 2239 2240 2241 2242 2243 2244 2245 2246 2247 2248 2249 2250 2251 2252 2253 2254 2255 2256 2257 2258 2259 2260 2261 2262 2263 2264 2265 2266 2267 2268 2269 2270 2271 2272 2273 2274 2275 2276 2277 2278 2279 2280 2281 2282 2283 2284 2285 2286 2287 2288 2289 2290 2291 2292 2293 2294 2295 2296 2297 2298 2299 2300 2301 2302 2303 2304 2305 2306 2307 2308 2309 2310 2311 2312 2313 2314 2315 2316 2317 2318 2319 2320 2321 2322 2323 2324 2325 2326 2327 2328 2329 2330 2331 2332 2333 2334 2335 2336 2337 2338 2339 2340 2341 2534 2535 2536 2537 2538 2539 2540 2541 2542 2543 2759 2760 2761 2762 2763 2764 2765 2766 2767 2768 2769 2770 2771 2772 2773 2774 2806 2911 2912 2913 2914 2915 2916 2917 2918 2919 2920 2921 2922 2923 2924 2925 2926 2927 3629 3630 3631 3632 3633 3634 3635 3636 3637 3638 3639 3640 3641 3642 3643 3644 3645 3646 3647 3648 3649 3650 3651 3652 3653 3654 3655 3656 3657 3658 3659 3660 3661 3662 3663 3664 3665 3666 3667 3668 3669 3670 3671 3672 3673 3674 3675 3676 3677 3678 3679 3680 3681 3682 3683 3684 3685 3686 3687 3688 3689 3690 3691 3692 3693 3694 3695 3696 3697 3698 3699 3700 3701 3702 3703 3704 3705 3706 3707 3708 3709 3710 3711 3712 3713 3714 3715 3716 3717 3718 3719 3720 3721 3722 3723 3724 3725 3726 3727 3728 3729 3730 3731 3732 3733 3734 3735 3736 3737 3738 3739 3740 3741 3742 3743 3744 3745 3746 3747 3748 3749 3750 3751 3752 3753 3754 3755 3756 3757 3758 3759 3760 3761 3762 3763 3764 3765 3766 3767 3768 3769 3770 3771 3772 3773 3774 3775 3776 3777 3778 3818 3881 3882 3889 3890 3891 3892 3896 3963 3964 3965 4034 4035 4036 4051 4052 4053 4054 4055 4056 4057 4058 4059 4060 4061 4062 4063 4064 4065 4066 4067 4068 4069 4070 4071 4072 4073 4074 4075 4076 4077 4078 4079 4080 4081 4082 4083 4084 4085 4086 4087 4088 4089 4090 4091 4092 4093 4094 4095 4096 4097 4098 4099 4100 4101 4102 4103 4104 4105 4106 4107 4108 4109 4110 4111 4112 4113 4114 4115 4116 4117 4118 4119 4120 4121 4122 4123 4627 4628 4629 4630 4631 4632 4633 4634 4635 4636 4637 4638 4639 4640 4641 4642 4643 4644 4650 4652 4654 4656 4660 4662 4664 4666 4667 4668 4669 4670 4671 4672 4673 4674 4675 4676 4677 4678 4679 4680 4681 4682 4683 4684 4685 4686 4687 4688 4689 4690 4691 4692 4693 4694 4695 4696 4697 4698 4699 4700 4701 4702 4703 4704 4705 4706 4707 4708 4945 4946 4947 4948 4952 4992 4993 4994 4995 4996 4997 4998 4999 5000 5255 5256 5257 5258 5259 5260 5261 5262 5263 5264 5265 5266 5267 5268 5269 5270 5271 5272 5273 5274 5275 5276 5277 5278 5279 5280 5281 5282 5283 5284 5285 5286 5287 5288 5289 5290 5291 5292 5293 5294 5295 5296 5297 5298 5299 5300 5301 5302 5303 5304 5596 5598 5600 5602 5663 6195 6196 6197 6198 6199 6200 7451 7469 7491 7727 7728 7729 7730 7731 7732 7733 7734 7735 7736 7737 7738 7739 7740 7741 7742 7743 7744 7745 7746 7747 7748 7749 7750 7751 7752 7753 7754 7755 7756 7757 7758 7759 7760 7761 7762 7763 7764 7765 7766 7767 7768 
the number of select objects: 813
Select Atts: 3 
The number of match objects: 11
result 1: 0.11
result 2: 0.013530135301353014
--------------------------
57>>
Exist Objects: 86 112 123 145 455 458 461 494 671 805 912 1138 1209 1235 1262 1294 1363 1436 1488 1765 1844 1948 1951 1981 1984 2004 2007 2058 2108 2145 2202 2221 2281 2289 2492 2496 2591 2621 2642 2778 2798 2983 2983 3006 3011 3026 3046 3099 3214 3331 3348 3416 3713 3727 3789 3825 3885 3892 4007 4176 4304 4321 4333 4349 4555 4579 4963 5066 5171 5267 5281 5287 5336 5370 5443 5530 5571 5636 5766 5809 6105 6129 6233 6237 6282 6329 6538 6540 6620 6739 6775 6910 6990 7005 7083 7150 7195 7405 7516 7626 
the number of exist objects: 100
Select Objects: 1002 1006 1007 1454 2610 2816 2820 2822 6195 6197 7451 
the number of select objects: 11
Select Atts: 4 5 6 
The number of match objects: 0
result 1: 0.0
result 2: 0.0
--------------------------
58>>
Exist Objects: 86 112 123 145 455 458 461 494 671 805 912 1138 1209 1235 1262 1294 1363 1436 1488 1765 1844 1948 1951 1981 1984 2004 2007 2058 2108 2145 2202 2221 2281 2289 2492 2496 2591 2621 2642 2778 2798 2983 2983 3006 3011 3026 3046 3099 3214 3331 3348 3416 3713 3727 3789 3825 3885 3892 4007 4176 4304 4321 4333 4349 4555 4579 4963 5066 5171 5267 5281 5287 5336 5370 5443 5530 5571 5636 5766 5809 6105 6129 6233 6237 6282 6329 6538 6540 6620 6739 6775 6910 6990 7005 7083 7150 7195 7405 7516 7626 
the number of exist objects: 100
Select Objects: 398 934 935 936 937 938 959 960 961 962 963 987 988 1341 1524 1525 1526 1692 1694 1696 1698 1700 1702 1704 1706 1708 1710 1725 1727 1729 1731 1733 1735 1737 1739 1741 1743 1762 1763 1764 1765 1784 1785 1786 1787 2198 2203 2816 2820 2822 3751 3752 3753 3754 3755 3756 3757 3758 3759 3760 3761 3762 3763 3764 3765 3766 3767 3768 3769 3770 3771 3772 3773 3774 3775 3776 3777 3778 
the number of select objects: 78
Select Atts: 4 5 
The number of match objects: 1
result 1: 0.01
result 2: 0.01282051282051282
--------------------------
59>>
Exist Objects: 86 112 123 145 455 458 461 494 671 805 912 1138 1209 1235 1262 1294 1363 1436 1488 1765 1844 1948 1951 1981 1984 2004 2007 2058 2108 2145 2202 2221 2281 2289 2492 2496 2591 2621 2642 2778 2798 2983 2983 3006 3011 3026 3046 3099 3214 3331 3348 3416 3713 3727 3789 3825 3885 3892 4007 4176 4304 4321 4333 4349 4555 4579 4963 5066 5171 5267 5281 5287 5336 5370 5443 5530 5571 5636 5766 5809 6105 6129 6233 6237 6282 6329 6538 6540 6620 6739 6775 6910 6990 7005 7083 7150 7195 7405 7516 7626 
the number of exist objects: 100
Select Objects: 1002 1007 1454 2816 2820 2822 5962 5963 5964 5965 6195 6197 7451 
the number of select objects: 13
Select Atts: 4 6 
The number of match objects: 0
result 1: 0.0
result 2: 0.0
--------------------------
60>>
Exist Objects: 86 112 123 145 455 458 461 494 671 805 912 1138 1209 1235 1262 1294 1363 1436 1488 1765 1844 1948 1951 1981 1984 2004 2007 2058 2108 2145 2202 2221 2281 2289 2492 2496 2591 2621 2642 2778 2798 2983 2983 3006 3011 3026 3046 3099 3214 3331 3348 3416 3713 3727 3789 3825 3885 3892 4007 4176 4304 4321 4333 4349 4555 4579 4963 5066 5171 5267 5281 5287 5336 5370 5443 5530 5571 5636 5766 5809 6105 6129 6233 6237 6282 6329 6538 6540 6620 6739 6775 6910 6990 7005 7083 7150 7195 7405 7516 7626 
the number of exist objects: 100
Select Objects: 398 934 935 936 937 938 959 960 961 962 963 987 988 1341 1524 1525 1526 1692 1694 1696 1698 1700 1702 1704 1706 1708 1710 1725 1727 1729 1731 1733 1735 1737 1739 1741 1743 1762 1763 1764 1765 1784 1785 1786 1787 2198 2203 2422 2423 2816 2820 2822 3751 3752 3753 3754 3755 3756 3757 3758 3759 3760 3761 3762 3763 3764 3765 3766 3767 3768 3769 3770 3771 3772 3773 3774 3775 3776 3777 3778 
the number of select objects: 80
Select Atts: 4 
The number of match objects: 1
result 1: 0.01
result 2: 0.0125
--------------------------
61>>
Exist Objects: 86 112 123 145 455 458 461 494 671 805 912 1138 1209 1235 1262 1294 1363 1436 1488 1765 1844 1948 1951 1981 1984 2004 2007 2058 2108 2145 2202 2221 2281 2289 2492 2496 2591 2621 2642 2778 2798 2983 2983 3006 3011 3026 3046 3099 3214 3331 3348 3416 3713 3727 3789 3825 3885 3892 4007 4176 4304 4321 4333 4349 4555 4579 4963 5066 5171 5267 5281 5287 5336 5370 5443 5530 5571 5636 5766 5809 6105 6129 6233 6237 6282 6329 6538 6540 6620 6739 6775 6910 6990 7005 7083 7150 7195 7405 7516 7626 
the number of exist objects: 100
Select Objects: 1006 2610 2612 2614 6195 6197 7451 
the number of select objects: 7
Select Atts: 5 6 
The number of match objects: 0
result 1: 0.0
result 2: 0.0
--------------------------
62>>
Exist Objects: 86 112 123 145 455 458 461 494 671 805 912 1138 1209 1235 1262 1294 1363 1436 1488 1765 1844 1948 1951 1981 1984 2004 2007 2058 2108 2145 2202 2221 2281 2289 2492 2496 2591 2621 2642 2778 2798 2983 2983 3006 3011 3026 3046 3099 3214 3331 3348 3416 3713 3727 3789 3825 3885 3892 4007 4176 4304 4321 4333 4349 4555 4579 4963 5066 5171 5267 5281 5287 5336 5370 5443 5530 5571 5636 5766 5809 6105 6129 6233 6237 6282 6329 6538 6540 6620 6739 6775 6910 6990 7005 7083 7150 7195 7405 7516 7626 
the number of exist objects: 100
Select Objects: 398 934 935 936 937 938 949 950 951 952 953 954 959 960 961 962 963 974 975 976 977 978 979 987 988 1018 1020 1026 1028 1033 1041 1043 1045 1047 1056 1058 1060 1062 1071 1073 1075 1093 1095 1097 1341 1524 1525 1526 1626 1633 1634 1635 1676 1677 1678 1679 1680 1681 1682 1683 1684 1685 1686 1687 1688 1689 1690 1691 1692 1693 1694 1695 1696 1697 1698 1699 1700 1701 1702 1703 1704 1705 1706 1707 1708 1709 1710 1711 1712 1713 1714 1715 1716 1717 1718 1719 1720 1721 1722 1723 1724 1725 1726 1727 1728 1729 1730 1731 1732 1733 1734 1735 1736 1737 1738 1739 1740 1741 1742 1743 1762 1763 1764 1765 1784 1785 1786 1787 1852 1853 1854 1903 1904 1905 1906 1979 1980 1981 1982 2007 2008 2009 2061 2062 2063 2064 2065 2093 2094 2095 2096 2137 2138 2139 2140 2141 2142 2159 2160 2178 2179 2180 2198 2203 2518 2610 2612 2614 2646 2648 2650 2652 2654 2656 2658 2677 2679 2681 2683 2685 2687 2689 2691 2693 2695 2713 2715 2717 2719 2721 2723 2725 2727 2729 2740 2742 2744 2746 2748 2771 2773 2776 2788 2790 2792 2794 2803 2816 2820 2822 3751 3752 3753 3754 3755 3756 3757 3758 3759 3760 3761 3762 3763 3764 3765 3766 3767 3768 3769 3770 3771 3772 3773 3774 3775 3776 3777 3778 3896 3963 3964 3965 4440 4442 4602 4620 4622 4624 4626 5120 5351 5352 5353 5354 5355 5356 5357 5358 5359 5360 5361 5362 5363 5364 5407 5408 5409 5410 5411 5412 5413 5414 5415 5416 5417 5418 5419 5420 5445 5446 5447 5448 5449 5450 5451 5452 5453 5454 5471 5472 5473 5474 5475 5476 5477 5478 5495 5496 5497 5498 5499 5500 5501 5502 6447 6448 6449 6450 6451 6512 6513 6514 6515 6576 6577 6578 6579 6669 6670 6671 6672 6673 6674 6675 6676 6677 6678 6761 6762 6763 6764 6765 6766 6767 6768 6769 7192 7194 7196 7440 7454 7472 7499 7501 
the number of select objects: 344
Select Atts: 5 
The number of match objects: 3
result 1: 0.03
result 2: 0.00872093023255814
--------------------------
63>>
Exist Objects: 86 112 123 145 455 458 461 494 671 805 912 1138 1209 1235 1262 1294 1363 1436 1488 1765 1844 1948 1951 1981 1984 2004 2007 2058 2108 2145 2202 2221 2281 2289 2492 2496 2591 2621 2642 2778 2798 2983 2983 3006 3011 3026 3046 3099 3214 3331 3348 3416 3713 3727 3789 3825 3885 3892 4007 4176 4304 4321 4333 4349 4555 4579 4963 5066 5171 5267 5281 5287 5336 5370 5443 5530 5571 5636 5766 5809 6105 6129 6233 6237 6282 6329 6538 6540 6620 6739 6775 6910 6990 7005 7083 7150 7195 7405 7516 7626 
the number of exist objects: 100
Select Objects: 7451 
the number of select objects: 1
Select Atts: 6 
The number of match objects: 0
result 1: 0.0
result 2: 0.0
--------------------------
64>>
Exist Objects: 86 112 123 145 455 458 461 494 671 805 912 1138 1209 1235 1262 1294 1363 1436 1488 1765 1844 1948 1951 1981 1984 2004 2007 2058 2108 2145 2202 2221 2281 2289 2492 2496 2591 2621 2642 2778 2798 2983 2983 3006 3011 3026 3046 3099 3214 3331 3348 3416 3713 3727 3789 3825 3885 3892 4007 4176 4304 4321 4333 4349 4555 4579 4963 5066 5171 5267 5281 5287 5336 5370 5443 5530 5571 5636 5766 5809 6105 6129 6233 6237 6282 6329 6538 6540 6620 6739 6775 6910 6990 7005 7083 7150 7195 7405 7516 7626 
the number of exist objects: 100
Select Objects: 
the number of select objects: 0
Select Atts: 
The number of match objects: 0
result 1: 0.0
result 2: NaN
--------------------------
>>>>>>>>>>>>>>>>>>>>>>>>>>>>>
56>>
Exist Objects: 86 112 123 145 455 458 461 494 671 805 912 1138 1209 1235 1262 1294 1363 1436 1488 1765 1844 1948 1951 1981 1984 2004 2007 2058 2108 2145 2202 2221 2281 2289 2492 2496 2591 2621 2642 2778 2798 2983 2983 3006 3011 3026 3046 3099 3214 3331 3348 3416 3713 3727 3789 3825 3885 3892 4007 4176 4304 4321 4333 4349 4555 4579 4963 5066 5171 5267 5281 5287 5336 5370 5443 5530 5571 5636 5766 5809 6105 6129 6233 6237 6282 6329 6538 6540 6620 6739 6775 6910 6990 7005 7083 7150 7195 7405 7516 7626 
the number of exist objects: 100
Select Objects: 275 278 281 300 301 302 303 304 305 346 349 352 391 398 934 935 936 937 938 959 960 961 962 963 988 1276 1277 1278 1281 1282 1283 1327 1328 1329 1330 1331 1332 1333 1334 1335 1336 1337 1524 1525 1526 1602 1603 1604 1605 1606 1607 1608 1609 1610 1611 1612 1613 1614 1615 1616 1617 1618 1619 1620 1621 1622 1623 1624 1625 1626 1630 1631 1632 1633 1634 1635 1636 1640 1641 1648 1649 1650 1651 1652 1653 1654 1655 1656 1657 1658 1659 1660 1661 1662 1663 1664 1665 1666 1667 1668 1669 1670 1671 1672 1673 1674 1675 1676 1677 1678 1679 1680 1681 1682 1683 1684 1685 1686 1687 1688 1689 1690 1691 1692 1693 1694 1695 1696 1697 1698 1699 1700 1701 1702 1703 1704 1705 1706 1707 1708 1709 1710 1711 1712 1713 1714 1715 1716 1717 1718 1719 1720 1721 1722 1723 1724 1725 1726 1727 1728 1729 1730 1731 1732 1733 1734 1735 1736 1737 1738 1739 1740 1741 1742 1743 1762 1763 1764 1765 1784 1785 1786 1787 1855 1857 1859 1861 1907 1909 1911 1913 1915 1917 1983 1985 1987 2010 2012 2014 2016 2198 2199 2200 2201 2202 2203 2204 2205 2206 2207 2208 2209 2210 2211 2212 2213 2214 2215 2216 2217 2218 2219 2220 2221 2222 2223 2224 2225 2226 2227 2228 2229 2230 2231 2232 2233 2234 2235 2236 2237 2238 2239 2240 2241 2242 2243 2244 2245 2246 2247 2248 2249 2250 2251 2252 2253 2254 2255 2256 2257 2258 2259 2260 2261 2262 2263 2264 2265 2266 2267 2268 2269 2270 2271 2272 2273 2274 2275 2276 2277 2278 2279 2280 2281 2282 2283 2284 2285 2286 2287 2288 2289 2290 2291 2292 2293 2294 2295 2296 2297 2298 2299 2300 2301 2302 2303 2304 2305 2306 2307 2308 2309 2310 2311 2312 2313 2314 2315 2316 2317 2318 2319 2320 2321 2322 2323 2324 2325 2326 2327 2328 2329 2330 2331 2332 2333 2334 2335 2336 2337 2338 2339 2340 2341 2534 2535 2536 2537 2538 2539 2540 2541 2542 2543 2759 2760 2761 2762 2763 2764 2765 2766 2767 2768 2769 2770 2771 2772 2773 2774 2806 2911 2912 2913 2914 2915 2916 2917 2918 2919 2920 2921 2922 2923 2924 2925 2926 2927 3629 3630 3631 3632 3633 3634 3635 3636 3637 3638 3639 3640 3641 3642 3643 3644 3645 3646 3647 3648 3649 3650 3651 3652 3653 3654 3655 3656 3657 3658 3659 3660 3661 3662 3663 3664 3665 3666 3667 3668 3669 3670 3671 3672 3673 3674 3675 3676 3677 3678 3679 3680 3681 3682 3683 3684 3685 3686 3687 3688 3689 3690 3691 3692 3693 3694 3695 3696 3697 3698 3699 3700 3701 3702 3703 3704 3705 3706 3707 3708 3709 3710 3711 3712 3713 3714 3715 3716 3717 3718 3719 3720 3721 3722 3723 3724 3725 3726 3727 3728 3729 3730 3731 3732 3733 3734 3735 3736 3737 3738 3739 3740 3741 3742 3743 3744 3745 3746 3747 3748 3749 3750 3751 3752 3753 3754 3755 3756 3757 3758 3759 3760 3761 3762 3763 3764 3765 3766 3767 3768 3769 3770 3771 3772 3773 3774 3775 3776 3777 3778 3818 3881 3882 3889 3890 3891 3892 3896 3963 3964 3965 4034 4035 4036 4051 4052 4053 4054 4055 4056 4057 4058 4059 4060 4061 4062 4063 4064 4065 4066 4067 4068 4069 4070 4071 4072 4073 4074 4075 4076 4077 4078 4079 4080 4081 4082 4083 4084 4085 4086 4087 4088 4089 4090 4091 4092 4093 4094 4095 4096 4097 4098 4099 4100 4101 4102 4103 4104 4105 4106 4107 4108 4109 4110 4111 4112 4113 4114 4115 4116 4117 4118 4119 4120 4121 4122 4123 4627 4628 4629 4630 4631 4632 4633 4634 4635 4636 4637 4638 4639 4640 4641 4642 4643 4644 4650 4652 4654 4656 4660 4662 4664 4666 4667 4668 4669 4670 4671 4672 4673 4674 4675 4676 4677 4678 4679 4680 4681 4682 4683 4684 4685 4686 4687 4688 4689 4690 4691 4692 4693 4694 4695 4696 4697 4698 4699 4700 4701 4702 4703 4704 4705 4706 4707 4708 4945 4946 4947 4948 4952 4992 4993 4994 4995 4996 4997 4998 4999 5000 5255 5256 5257 5258 5259 5260 5261 5262 5263 5264 5265 5266 5267 5268 5269 5270 5271 5272 5273 5274 5275 5276 5277 5278 5279 5280 5281 5282 5283 5284 5285 5286 5287 5288 5289 5290 5291 5292 5293 5294 5295 5296 5297 5298 5299 5300 5301 5302 5303 5304 5596 5598 5600 5602 5663 6195 6196 6197 6198 6199 6200 7451 7469 7491 7727 7728 7729 7730 7731 7732 7733 7734 7735 7736 7737 7738 7739 7740 7741 7742 7743 7744 7745 7746 7747 7748 7749 7750 7751 7752 7753 7754 7755 7756 7757 7758 7759 7760 7761 7762 7763 7764 7765 7766 7767 7768 
the number of select objects: 813
Select Atts: 3 
The number of match objects: 11
result 1: 0.11
result 2: 0.013530135301353014
>>>>>>>>>>>>>>>>>>>>>>>>>>>>>
62>>
Exist Objects: 86 112 123 145 455 458 461 494 671 805 912 1138 1209 1235 1262 1294 1363 1436 1488 1765 1844 1948 1951 1981 1984 2004 2007 2058 2108 2145 2202 2221 2281 2289 2492 2496 2591 2621 2642 2778 2798 2983 2983 3006 3011 3026 3046 3099 3214 3331 3348 3416 3713 3727 3789 3825 3885 3892 4007 4176 4304 4321 4333 4349 4555 4579 4963 5066 5171 5267 5281 5287 5336 5370 5443 5530 5571 5636 5766 5809 6105 6129 6233 6237 6282 6329 6538 6540 6620 6739 6775 6910 6990 7005 7083 7150 7195 7405 7516 7626 
the number of exist objects: 100
Select Objects: 3 398 934 935 936 937 938 949 950 951 952 953 954 959 960 961 962 963 974 975 976 977 978 979 987 988 1018 1020 1026 1028 1033 1041 1043 1045 1047 1056 1058 1060 1062 1071 1073 1075 1093 1095 1097 1341 1524 1525 1526 1626 1633 1634 1635 1676 1677 1678 1679 1680 1681 1682 1683 1684 1685 1686 1687 1688 1689 1690 1691 1692 1693 1694 1695 1696 1697 1698 1699 1700 1701 1702 1703 1704 1705 1706 1707 1708 1709 1710 1711 1712 1713 1714 1715 1716 1717 1718 1719 1720 1721 1722 1723 1724 1725 1726 1727 1728 1729 1730 1731 1732 1733 1734 1735 1736 1737 1738 1739 1740 1741 1742 1743 1762 1763 1764 1765 1784 1785 1786 1787 1852 1853 1854 1903 1904 1905 1906 1979 1980 1981 1982 2007 2008 2009 2061 2062 2063 2064 2065 2093 2094 2095 2096 2137 2138 2139 2140 2141 2142 2159 2160 2178 2179 2180 2198 2203 2518 2610 2612 2614 2646 2648 2650 2652 2654 2656 2658 2677 2679 2681 2683 2685 2687 2689 2691 2693 2695 2713 2715 2717 2719 2721 2723 2725 2727 2729 2740 2742 2744 2746 2748 2771 2773 2776 2788 2790 2792 2794 2803 2816 2820 2822 3751 3752 3753 3754 3755 3756 3757 3758 3759 3760 3761 3762 3763 3764 3765 3766 3767 3768 3769 3770 3771 3772 3773 3774 3775 3776 3777 3778 3896 3963 3964 3965 4440 4442 4602 4620 4622 4624 4626 5120 5351 5352 5353 5354 5355 5356 5357 5358 5359 5360 5361 5362 5363 5364 5407 5408 5409 5410 5411 5412 5413 5414 5415 5416 5417 5418 5419 5420 5445 5446 5447 5448 5449 5450 5451 5452 5453 5454 5471 5472 5473 5474 5475 5476 5477 5478 5495 5496 5497 5498 5499 5500 5501 5502 6447 6448 6449 6450 6451 6512 6513 6514 6515 6576 6577 6578 6579 6669 6670 6671 6672 6673 6674 6675 6676 6677 6678 6761 6762 6763 6764 6765 6766 6767 6768 6769 7192 7194 7196 7440 7454 7472 7499 7501 
the number of select objects: 344
Select Atts: 5 
The number of match objects: 3
result 1: 0.03
result 2: 0.00872093023255814
>>>>>>>>>>>>>>>>>>>>>>>>>>>>>
